#ChipScope Pro Analyzer Project File, Version 3.0
#Wed Jun 03 19:01:07 CST 2020
mdiAreaHeight=0.7
mdiAreaHeightLast=0.7
mdiCount=0
navigatorHeight=0.17976190476190476
navigatorHeightLast=0.17976190476190476
navigatorWidth=0.17980456026058633
navigatorWidthLast=0.17980456026058633
signalDisplayPath=0
unit.-1.-1.username=
